0.10
0.05
0.01
0.01
0.02
0.01
0.04
0.05
0.05
0.09
0.02
0.11
0.03
0.04
0.04
0.02
0.04
0.04
0.02
0.02
0.07
0.18
0.03
0.02
0.06
0.05
0.04
0.07
0.01
0.11
0.24
0.24
0.04
0.04
0.03
0.06
0.07
0.01
0.38
0.06
0.11
0.04
0.06
0.09
0.26
0.03
0.04
0.11
0.03
0.03
0.13
0.06
0.10
0.01
0.02
0.04
0.07
0.02
0.04
0.12
0.03
0.04
0.07
0.04
0.08
0.04
0.11
0.07
0.02
0.02
0.04
0.04
0.03
0.02
0.02
0.07
0.05
0.05
0.06
0.00
0.45
0.01
0.15
0.01
0.02
0.10
0.06
0.02
0.02
0.02
0.04
0.02
0.06
0.11
0.06
0.03
0.03
0.05
0.11
0.07
0.02
0.29
0.11
0.06
0.04
0.05
0.10
0.01
0.07
0.04
0.12
0.01
0.09
0.04
0.02
0.04
0.01
0.14
0.01
0.28
0.17
0.02
0.01
0.05
0.02
0.24
0.06
0.02
0.06
0.08
0.11
0.02
0.01
0.06
0.15
0.02
0.02
0.02
0.03
0.02
0.09
0.05
0.07
0.05
0.01
0.01
0.06
0.05
0.05
0.06
0.04
0.03
0.02
0.04
0.08
0.03
0.04
0.53
0.18
0.13
0.03
0.05
0.08
0.11
0.04
0.04
0.07
0.01
0.02
0.02
0.04
0.03
0.02
0.05
0.06
0.06
0.04
0.06
0.02
0.01
0.03
0.04
0.03
0.04
0.06
0.03
0.07
0.04
0.04
0.04
0.03
0.02
0.02
0.07
0.02
0.01
0.20
0.04
0.04
0.02
